0 0 0 0 0 23 28 29 22 28 40 26 30 29 23 21 10 10 10 10 16 12 12 13 12 28 26 26 26 27 11 3 6 6 5 27 29 28 27 28 9 4 4 4 5 25 12 17 12 14 28 15 17 15 16 10 3 6 5 4
10 5 3 5 4 21 15 15 14 15 17 4 6 5 4 4 0 0 0 0 0 0 0 0 0 0 0 0 0 0 6 4 5 7 7 14 19 13 17 15 10 0 0 0 0 14 9 10 8 9 17 4 6 6 5 6 4 6 6 6
0 0 0 0 0 0 0 0 0 0 0 0 0 0 0 0 0 0 0 0 0 0 0 0 0 0 0 0 0 0 0 0 0 0 0 0 0 0 0 0 0 0 0 0 0 0 0 0 0 0 0 0 0 0 0 0 0 0 0 0
0 0 0 0 0 0 0 0 0 0 0 0 0 0 0 0 0 0 0 0 0 0 0 0 0 0 0 0 0 0 0 0 0 0 0 0 0 0 0 0 0 0 0 0 0 0 0 0 0 0 0 0 0 0 0 0 0 0 0 0
0 0 0 0 0 0 0 0 0 0 0 0 0 0 0 0 0 0 0 0 0 0 0 0 0 0 0 0 0 0 0 0 0 0 0 0 0 0 0 0 0 0 0 0 0 0 0 0 0 0 0 0 0 0 0 0 0 0 0 0
0 0 0 0 0 0 0 0 0 0 0 0 0 0 0 0 0 0 0 0 0 0 0 0 0 0 0 0 0 0 0 0 0 0 0 0 0 0 0 0 0 0 0 0 0 0 0 0 0 0 0 0 0 0 0 0 0 0 0 0
0 0 0 0 0 0 0 0 0 0 0 0 0 0 0 0 0 0 0 0 0 0 0 0 0 0 0 0 0 0 0 0 0 0 0 0 0 0 0 0 0 0 0 0 0 0 0 0 0 0 0 0 0 0 0 0 0 0 0 0
0 0 0 0 0 0 0 0 0 0 0 0 0 0 0 0 0 0 0 0 0 0 0 0 0 0 0 0 0 0 0 0 0 0 0 0 0 0 0 0 0 0 0 0 0 0 0 0 0 0 0 0 0 0 0 0 0 0 0 0
0 0 0 0 0 4 5 3 6 4 7 0 0 0 0 2 5 5 4 6 5 0 0 0 0 0 0 0 0 0 0 0 0 0 0 7 6 4 4 5 4 0 0 0 0 6 6 4 6 5 15 10 10 12 11 18 15 17 16 14
6 0 0 0 0 5 5 4 8 5 0 0 0 0 0 3 5 6 4 5 10 3 4 3 5 23 11 14 13 16 9 4 0 0 0 14 13 10 11 11 13 17 12 15 11 26 14 10 12 10 3 0 0 0 0 18 22 20 21 17
28 14 8 11 10 16 11 8 11 13 0 0 0 0 0 17 13 18 15 16 4 0 0 0 0 6 5 5 5 5 10 10 13 8 11 18 11 9 12 10 13 10 13 13 10 14 10 11 7 10 27 15 15 18 16 15 12 10 12 12
10 10 13 10 13 9 5 6 4 6 5 6 5 5 6 0 0 0 0 0 5 5 5 4 5 0 0 0 0 0 14 18 15 13 15 10 7 4 4 4 25 20 24 20 22 23 10 10 9 9 18 11 5 8 10 16 11 10 13 9
14 15 14 14 14 16 4 5 6 5 0 0 0 0 0 0 0 0 0 0 4 5 3 5 7 14 10 8 9 11 10 0 0 0 0 6 4 4 6 5 22 14 17 15 17 28 20 23 23 21 31 13 14 14 16 30 16 16 15 14
17 10 7 11 12 23 17 14 15 16 13 8 9 12 11 17 9 13 8 12 11 11 11 11 11 11 5 4 4 4 15 8 12 12 11 4 5 4 5 6 5 5 5 4 3 10 5 5 5 5 10 10 7 9 11 12 3 5 6 5
15 17 13 15 16 15 0 0 0 0 15 17 13 15 16 28 18 13 16 17 18 12 8 9 9 5 0 0 0 0 15 14 18 15 20 5 6 3 4 4 4 0 0 0 0 5 4 5 4 4 17 10 9 10 8 11 0 0 0 0
11 12 8 12 13 4 3 6 5 4 5 0 0 0 0 7 4 5 4 5 0 0 0 0 0 3 5 4 4 4 24 25 24 22 18 18 9 8 8 8 21 23 16 13 13 16 8 8 11 9 13 9 3 4 5 8 4 5 4 4
19 21 14 14 15 17 5 4 6 6 6 7 4 3 5 19 22 17 21 20 18 0 0 0 0 2 6 5 5 4 6 0 0 0 0 0 0 0 0 0 21 20 21 25 16 21 6 11 12 10 38 38 31 29 36 20 13 10 9 9
23 22 21 26 18 17 9 12 9 10 24 16 15 15 16 21 9 12 10 8 23 17 17 14 16 19 14 15 15 18 19 17 15 12 13 10 0 0 0 0 22 21 23 22 24 4 0 0 0 0 12 17 16 18 15 13 5 5 4 6
14 13 16 12 14 32 19 14 15 15 18 16 10 9 11 7 6 5 6 5 4 0 0 0 0 16 18 13 14 15 18 5 4 6 7 7 7 5 4 4 14 14 13 16 14 10 0 0 0 0 0 0 0 0 0 6 7 2 6 5
17 20 16 19 21 29 22 11 13 15 29 14 19 17 16 9 5 4 4 4 11 5 4 6 4 9 11 8 9 12 4 0 0 0 0 18 12 19 13 13 32 18 20 22 23 19 10 9 7 11 23 21 19 12 18 6 0 0 0 0
10 9 12 13 9 12 6 7 5 3 13 12 11 10 10 15 16 11 11 7 0 0 0 0 0 0 0 0 0 0 19 22 21 22 22 15 3 6 4 6 0 0 0 0 0 0 0 0 0 0 5 5 5 4 5 12 4 8 4 7
11 12 10 11 10 27 21 23 20 18 34 28 26 26 27 30 22 27 21 14 21 16 13 13 13 23 15 19 17 16 14 12 10 11 8 4 5 0 0 0 6 6 4 6 6 9 10 10 11 8 7 9 4 5 6 15 15 7 11 10
17 11 12 10 5 14 10 12 10 10 15 11 9 9 9 14 8 4 5 4 27 24 22 23 20 18 14 14 18 15 9 4 7 5 4 11 2 5 5 5 26 17 16 27 21 22 9 8 9 9 10 0 0 0 0 0 0 0 0 0
17 13 17 19 17 24 15 20 21 20 39 21 19 23 22 20 12 13 11 8 9 13 9 12 10 12 6 7 5 5 15 12 15 17 16 19 17 11 9 9 31 29 22 29 28 30 17 17 18 21 20 9 4 5 5 17 15 16 11 12
