0 0 0 0 0 1 1 1 3 6 6 6 10 10 15 21 21 28 28 36 36 45 45 55 55 66 66 78 78 91 78 78 91 91 105 105 120 120 120 136 136 153 171 190 190 210 231 253 253 276 300 300 325 351 351 378 378 406 435 465
465 496 527 525 522 519 516 546 543 574 606 603 600 597 594 591 588 584 544 538 531 523 480 504 493 481 468 454 439 423 308 261 248 208 195 182 196 183 143 130 117 78 66 65 52 50 59 36 17 6 1 1 0 0 0 0 0 0 0 0
0 0 0 0 0 0 0 0 0 0 0 0 0 0 0 0 0 0 0 0 0 0 0 0 0 0 0 0 0 0 0 0 0 0 0 0 0 0 0 0 0 0 0 0 0 0 0 0 0 0 0 0 0 0 0 0 0 0 0 0
0 0 0 0 0 0 0 0 0 0 0 0 0 0 0 0 0 0 0 0 0 0 0 0 0 0 0 0 0 0 0 0 0 0 0 0 0 0 0 0 0 0 0 0 0 0 0 0 0 0 0 0 0 0 0 0 0 0 0 0
0 0 0 0 0 0 0 0 0 0 0 0 0 0 0 0 0 0 0 0 0 0 0 0 0 0 0 0 0 0 0 0 0 0 0 0 0 0 0 0 0 0 0 0 0 0 0 0 0 0 0 0 0 0 0 0 0 0 0 0
0 0 0 0 0 0 0 0 0 0 0 0 0 0 0 0 0 0 0 0 0 0 0 0 0 0 0 0 0 0 0 0 0 0 0 0 0 0 0 0 0 0 0 0 0 0 0 0 0 0 0 0 0 0 0 0 0 0 0 0
0 0 0 0 0 0 0 0 0 0 0 0 0 0 0 0 0 0 0 0 0 0 0 0 0 0 0 0 0 0 0 0 0 0 0 0 0 0 0 0 0 0 0 0 0 0 0 0 0 0 0 0 0 0 0 0 0 0 0 0
0 0 0 0 0 0 0 0 0 0 0 0 0 0 0 0 0 0 0 0 0 0 0 0 0 0 0 0 0 0 0 0 0 0 0 0 0 0 0 0 0 0 0 0 0 0 0 0 0 0 0 0 0 0 0 0 0 0 0 0
0 0 0 0 0 0 0 0 0 0 0 0 0 0 0 0 0 0 0 0 0 0 0 0 0 0 0 0 0 0 0 0 0 0 0 0 0 0 0 0 0 0 0 0 0 0 0 0 0 0 1 1 3 3 6 6 6 6 10 10
15 15 15 21 21 21 21 21 15 15 15 15 15 14 12 10 8 1 0 0 0 0 0 0 0 1 3 6 6 10 10 15 14 18 15 19 16 21 27 24 21 28 28 28 36 36 36 45 45 55 55 66 65 52 49 57 54 63 60 70
67 64 75 72 69 81 78 78 91 91 91 105 104 102 114 127 124 121 118 115 112 109 105 100 94 72 66 76 73 70 81 78 90 87 84 97 78 66 45 55 55 66 66 78 78 78 91 91 105 120 120 120 120 120 120 136 136 153 153 171
171 171 171 171 190 190 190 190 190 190 210 210 210 210 210 231 231 230 228 225 222 241 238 258 255 276 273 269 289 283 277 271 216 210 159 112 126 123 120 117 114 129 108 105 120 120 120 136 136 153 153 153 171 190 136 136 153 153 171 171
190 210 210 231 231 231 253 276 276 300 276 276 275 297 294 290 310 304 297 289 307 299 318 310 275 267 286 278 298 290 311 303 324 314 303 322 341 327 312 296 248 201 193 185 155 147 161 153 145 115 107 78 91 91 91 91 91 91 105 120
120 136 136 136 153 153 153 171 190 190 210 210 210 231 231 231 253 276 276 300 300 300 325 325 325 351 378 378 406 406 406 406 406 435 465 465 496 496 496 496 528 528 561 561 595 630 630 666 666 666 666 703 703 741 703 703 703 703 630 630
595 528 528 528 496 496 528 528 464 462 401 371 369 367 365 363 361 359 304 302 300 298 296 294 292 316 314 338 362 357 352 376 371 396 391 417 412 376 402 429 426 454 451 480 510 507 538 535 567 564 597 631 666 663 660 619 616 651 648 645
642 601 561 496 465 435 378 406 406 406 378 378 377 403 400 397 366 391 360 330 327 324 320 315 283 303 297 291 312 306 300 294 316 310 333 327 321 315 339 333 297 243 216 171 171 171 171 171 190 210 210 231 231 253 253 253 276 276 300 300
325 351 351 325 325 351 378 378 406 435 435 435 465 465 496 496 528 561 561 561 561 528 560 592 589 621 618 651 648 645 679 675 670 702 695 613 643 674 667 699 732 725 759 752 787 780 816 853 846 884 923 916 956 949 942 888 928 921 914 907
900 893 934 927 969 962 1005 998 991 1035 1028 1021 966 869 780 741 703 666 595 630 630 666 703 703 741 741 780 780 820 820 861 903 903 946 946 946 946 990 989 1032 1030 1028 1026 979 1022 1020 1064 1061 1057 1052 1047 1089 1084 1079 1074 1069 1064 1106 1099 1140
1182 1174 1217 1209 1253 1245 1237 1282 1328 1375 1367 1415 1407 1399 1448 1440 1432 1482 1533 1525 1577 1630 1683 1673 1725 1778 1767 1821 1876 1865 1921 1910 1967 2025 2084 2073 2133 2194 2183 2245 2234 2223 2212 2275 2264 2253 2168 2156 2143 2056 2044 2032 2020 2079 2067 2055 2043 1963 1954 1945
1869 1794 1788 1782 1776 1833 1827 1821 1879 1873 1932 1992 1986 2047 2041 2035 2097 2091 2154 2148 2142 1999 2061 2055 1981 1908 1902 1896 1893 1954 1951 2013 2010 2006 2067 2062 2124 2187 2182 2177 2172 2167 2162 2226 2221 2216 2074 2137 2132 2127 2122 2117 2112 2176 2171 2166 2098 2096 2029 2092
2090 2154 2152 2150 2148 2213 2211 2277 2275 2342 2340 2408 2406 2475 2473 2471 2541 2612 2610 2682 2755 2753 2826 2822 2894 2888 2959 2951 3021 3091 3081 3152 3224 3214 3204 3194 3184 3257 3247 3321 3311 3217 3206 3194 3181 3002 2987 2971 2954 2855 2837 2739 2801 2785 2769 2832 2816 2800 2864 2848
2913 2897 2963 3030 3014 3082 3066 3050 3034 3103 3173 3157 3228 3212 3196 3180 3164 3148 3132 3116 3100 3084 3156 3140 3124 3020 3004 2815 2714 2614 2433 2499 2483 2550 2534 2518 2502 2486 2554 2623 2607 2677 2661 2732 2716 2788 2772 2845 2829 2903 2887 2961 2943 2932 2920 2908 2896 2968 2956 3029
3017 3005 2908 2896 2800 2796 2792 2788 2709 2780 2701 2697 2619 2689 2685 2681 2677 2599 2669 2740 2736 2808 2804 2877 2873 2947 2943 3018 3014 3090 3167 3163 3241 3237 3233 3147 3225 3304 3300 3380 3461 3457 3539 3535 3618 3614 3698 3694 3779 3865 3861 3948 3944 4032 4028 4117 4113 4108 4196 4284
4277 4366 4456 4449 4442 4533 4526 4519 4611 4704 4697 4791 4784 4676 4669 4763 4756 4648 4641 4634 4728 4721 4714 4606 4599 4693 4788 4781 4877 4870 4967 4960 5058 5051 5150 5250 5243 5344 5130 4924 4921 4818 4716 4713 4809 4806 4803 4800 4797 4894 4992 4989 5088 5085 5082 5079 5076 5176 5277 5274
