0 0 0 0 0 21 26 20 18 15 30 34 30 30 30 10 9 8 10 10 34 23 21 19 20 45 35 31 34 34 48 21 13 16 13 29 14 17 19 12 11 3 4 5 4 15 11 10 9 13 14 10 9 10 11 9 9 4 7 8
0 0 0 0 0 9 12 12 10 9 13 11 11 10 11 5 0 0 0 0 0 0 0 0 0 0 0 0 0 0 12 12 8 8 6 12 6 6 5 0 0 0 0 0 0 6 7 3 6 4 5 6 4 3 5 9 4 5 5 5
4 0 0 0 0 0 0 0 0 0 0 0 0 0 0 0 0 0 0 0 0 0 0 0 0 0 0 0 0 0 0 0 0 0 0 0 0 0 0 0 0 0 0 0 0 0 0 0 0 0 0 0 0 0 0 0 0 0 0 0
0 0 0 0 0 0 0 0 0 0 0 0 0 0 0 0 0 0 0 0 0 0 0 0 0 0 0 0 0 0 0 0 0 0 0 0 0 0 0 0 0 0 0 0 0 0 0 0 0 0 0 0 0 0 0 0 0 0 0 0
0 0 0 0 0 0 0 0 0 0 0 0 0 0 0 0 0 0 0 0 0 0 0 0 0 0 0 0 0 0 0 0 0 0 0 0 0 0 0 0 0 0 0 0 0 0 0 0 0 0 0 0 0 0 0 0 0 0 0 0
0 0 0 0 0 0 0 0 0 0 0 0 0 0 0 0 0 0 0 0 0 0 0 0 0 0 0 0 0 0 0 0 0 0 0 0 0 0 0 0 0 0 0 0 0 0 0 0 0 0 0 0 0 0 0 0 0 0 0 0
0 0 0 0 0 0 0 0 0 0 0 0 0 0 0 0 0 0 0 0 0 0 0 0 0 0 0 0 0 0 0 0 0 0 0 0 0 0 0 0 0 0 0 0 0 0 0 0 0 0 0 0 0 0 0 0 0 0 0 0
0 0 0 0 0 0 0 0 0 0 0 0 0 0 0 0 0 0 0 0 0 0 0 0 0 0 0 0 0 0 0 0 0 0 0 0 0 0 0 0 0 0 0 0 0 0 0 0 0 0 0 0 0 0 0 0 0 0 0 0
0 0 0 0 0 6 5 5 5 5 0 0 0 0 0 0 0 0 0 0 0 0 0 0 0 0 0 0 0 0 0 0 0 0 0 8 10 8 12 13 0 0 0 0 0 11 9 12 10 7 17 15 16 15 13 22 17 16 15 16
18 3 4 5 4 23 14 14 15 15 11 0 0 0 0 6 5 7 6 5 6 5 4 4 5 31 32 31 29 25 16 4 0 0 0 20 23 18 19 20 23 12 14 9 8 26 19 18 18 23 11 0 0 0 0 24 20 20 20 25
13 9 9 10 10 19 9 11 13 11 3 0 0 0 0 22 22 23 17 21 8 0 0 0 0 4 6 5 5 5 20 20 20 17 18 31 23 20 18 12 16 16 15 15 13 19 14 10 8 14 17 13 15 13 16 22 15 10 12 11
20 22 25 18 19 17 5 7 5 6 5 5 4 5 5 0 0 0 0 0 15 18 15 15 16 3 0 0 0 0 25 19 19 19 23 21 4 4 4 5 34 28 30 25 25 20 7 9 11 10 22 20 16 13 17 21 10 9 10 7
31 21 20 19 19 22 15 12 8 12 0 0 0 0 0 0 0 0 0 0 9 8 9 9 10 20 11 10 12 9 4 0 0 0 0 0 0 0 0 0 15 17 18 15 14 28 21 21 18 22 27 13 15 13 14 31 30 19 23 21
25 13 15 16 15 34 26 18 19 24 32 14 15 19 14 19 11 13 12 7 9 5 6 4 6 10 6 5 6 3 9 11 11 7 12 14 4 4 4 3 9 9 4 6 4 16 10 9 12 10 11 4 4 2 5 19 7 9 9 11
35 27 24 22 25 12 6 0 0 0 32 35 32 32 26 27 15 10 10 11 10 11 10 11 11 4 0 0 0 0 6 5 4 5 5 9 5 4 4 3 15 10 13 10 11 17 13 13 11 4 5 4 5 7 4 14 8 12 8 10
29 15 16 15 14 29 18 23 15 13 3 0 0 0 0 5 4 5 5 8 0 0 0 0 0 13 10 11 8 10 32 24 29 25 24 22 14 12 9 8 26 29 25 21 28 28 14 7 10 11 24 19 17 23 19 19 5 7 6 4
27 24 28 31 30 38 9 9 8 9 27 8 8 9 8 34 19 22 19 21 14 4 0 0 0 3 5 5 6 6 0 0 0 0 0 5 6 6 5 3 11 6 6 4 4 28 23 24 26 27 29 15 13 15 14 24 8 12 12 9
21 14 17 14 16 19 10 9 9 9 31 23 23 28 25 42 14 19 14 14 42 31 29 34 36 38 27 13 16 14 15 14 10 8 10 12 0 0 0 0 15 13 15 15 16 5 0 0 0 0 9 12 11 9 11 5 0 0 0 0
15 17 16 14 15 27 25 22 21 23 18 4 6 6 6 11 10 9 8 12 9 0 0 0 0 20 23 20 19 21 25 14 14 16 17 12 6 5 6 4 18 15 13 20 16 3 0 0 0 0 10 10 13 12 9 12 21 16 13 14
32 19 20 25 20 32 20 26 24 26 28 27 17 14 16 22 10 11 8 8 13 5 5 4 5 18 10 11 9 9 5 0 0 0 0 20 18 19 22 15 42 21 16 23 15 27 9 9 8 11 25 17 14 16 15 9 5 6 5 5
7 6 4 3 3 10 4 6 4 4 19 14 18 12 12 41 28 24 29 26 8 0 0 0 0 0 0 0 0 0 16 18 16 11 16 18 8 8 10 10 10 0 0 0 0 0 0 0 0 0 7 9 11 12 11 13 10 10 11 11
15 11 8 9 12 36 26 25 25 26 28 12 13 10 6 34 24 33 26 29 27 20 19 21 21 27 17 21 19 22 28 9 10 9 9 12 11 10 12 9 19 11 9 6 13 36 23 25 26 23 13 0 0 0 0 5 5 4 8 5
3 6 4 6 6 15 16 12 15 16 23 19 14 15 17 19 17 15 14 20 34 23 28 27 29 24 15 15 15 15 35 18 17 14 15 12 13 10 10 10 15 13 14 11 10 19 18 14 15 14 20 5 5 5 4 5 0 0 0 0
19 18 21 19 20 34 9 11 8 12 14 22 15 15 15 26 19 23 20 20 15 7 7 8 15 14 15 12 12 11 20 20 18 20 20 14 8 5 6 5 28 22 18 22 17 38 28 24 28 23 19 9 10 12 12 35 31 34 32 34
