0 0 0 0 0 1 3 3 6 6 10 15 15 21 21 28 28 36 45 45 55 66 66 78 91 91 105 120 120 136 153 153 171 171 171 190 190 190 190 210 231 231 253 253 276 276 300 325 325 351 351 378 406 435 435 465 496 528 561 561
595 629 663 660 693 727 723 758 794 831 827 865 904 944 985 981 976 970 1009 1001 1039 1029 1066 1103 1090 1126 1111 1095 1129 1111 1145 1127 1109 1039 970 952 934 967 949 931 913 946 926 905 883 861 892 817 795 721 648 630 612 594 576 558 587 617 599 581
562 542 521 499 490 480 504 492 479 430 381 332 287 246 205 215 172 129 110 66 45 0 0 0 0 0 0 0 0 0 0 0 0 0 0 0 0 0 0 0 0 0 0 0 0 0 0 0 0 0 0 0 0 0 0 0 0 0 0 0
0 0 0 0 0 0 0 0 0 0 0 0 0 0 0 0 0 0 0 0 0 0 0 0 0 0 0 0 0 0 0 0 0 0 0 0 0 0 0 0 0 0 0 0 0 0 0 0 0 0 0 0 0 0 0 0 0 0 0 0
0 0 0 0 0 0 0 0 0 0 0 0 0 0 0 0 0 0 0 0 0 0 0 0 0 0 0 0 0 0 0 0 0 0 0 0 0 0 0 0 0 0 0 0 0 0 0 0 0 0 0 0 0 0 0 0 0 0 0 0
0 0 0 0 0 0 0 0 0 0 0 0 0 0 0 0 0 0 0 0 0 0 0 0 0 0 0 0 0 0 0 0 0 0 0 0 0 0 0 0 0 0 0 0 0 0 0 0 0 0 0 0 0 0 0 0 0 0 0 0
0 0 0 0 0 0 0 0 0 0 0 0 0 0 0 0 0 0 0 0 0 0 0 0 0 0 0 0 0 0 0 0 0 0 0 0 0 0 0 0 0 0 0 0 0 0 0 0 0 0 0 0 0 0 0 0 0 0 0 0
0 0 0 0 0 0 0 0 0 0 0 0 0 0 0 0 0 0 0 0 0 0 0 0 0 0 0 0 0 0 0 0 0 0 0 0 0 0 0 0 0 0 0 0 0 0 0 0 0 0 0 0 0 0 0 0 0 0 0 0
0 0 0 0 0 0 0 0 0 0 0 0 0 0 0 0 0 0 0 0 0 0 0 0 0 0 0 0 0 0 0 0 0 0 0 0 1 1 1 1 1 0 0 0 0 0 0 1 1 1 1 3 3 6 6 6 10 10 15 15
21 28 28 28 36 36 36 36 45 55 55 66 54 42 49 46 43 51 48 57 54 51 36 28 28 21 15 10 10 15 21 27 25 30 35 31 37 44 40 48 57 53 63 74 86 82 95 109 105 120 136 135 150 147 161 157 172 168 184 180
197 193 211 207 203 222 218 214 234 255 251 272 266 286 306 298 319 311 333 325 317 339 333 354 375 367 389 381 404 428 420 445 437 429 455 447 439 431 423 450 442 434 426 418 410 402 430 426 455 451 481 477 508 504 536 569 565 599 561 528
496 528 561 561 595 595 630 666 666 703 703 741 741 780 820 819 858 855 893 888 883 921 916 955 995 1036 1030 1023 1062 1053 1092 1083 1074 1114 1105 1096 1087 1078 1069 1110 1152 1143 1186 1177 1168 1212 1203 1248 1239 1285 1276 1267 1258 1249 1240 1287 1335 1384 1375 1425
1416 1467 1458 1510 1563 1554 1608 1599 1654 1581 1509 1437 1365 1353 1340 1331 1377 1366 1411 1398 1385 1430 1417 1404 1450 1441 1488 1536 1527 1576 1567 1616 1665 1653 1701 1687 1672 1595 1518 1560 1603 1647 1629 1674 1656 1702 1749 1731 1779 1828 1810 1860 1911 1893 1945 1998 1980 1962 1944 1998
1980 1962 2017 2073 2055 2037 2094 2076 2058 2116 2098 2157 2139 2121 2103 2085 2067 2127 2188 2250 2232 2295 2359 2341 2406 2388 2454 2436 2503 2485 2553 2622 2604 2586 2568 2550 2532 2514 2505 2496 2487 2557 2469 2539 2610 2601 2592 2583 2574 2565 2556 2628 2628 2701 2701 2701 2775 2775 2850 2850
2926 3003 3003 3081 3160 3160 3239 3237 3315 3311 3389 3385 3464 3460 3540 3536 3617 3613 3695 3691 3774 3770 3854 3939 3935 4020 4014 4098 4182 4173 4257 4248 4333 4419 4410 4497 4488 4576 4567 4558 4647 4638 4728 4719 4810 4902 4893 4986 5080 5071 5166 5157 5253 5244 5341 5332 5430 5529 5520 5620
5611 5712 5703 5805 5796 5787 5890 5881 5872 5863 5854 5844 5833 5821 5585 5683 5559 5436 5423 5410 5397 5494 5480 5465 5449 5433 5417 5291 5058 4935 4919 5010 4994 4978 4962 5054 5038 5022 4898 4669 4759 4743 4834 4818 4802 4679 4770 4862 4955 4939 5033 5128 5224 5208 5305 5403 5387 5486 5586 5570
5671 5655 5639 5741 5844 5948 5936 6041 6147 6135 6242 6350 6338 6447 6557 6668 6656 6768 6881 6869 6983 7097 7083 7196 7180 7164 7148 7132 7245 7229 7212 7194 7175 7285 7139 6999 6860 6844 6828 6690 6674 6658 6642 6626 6732 6716 6700 6684 6791 6775 6636 6743 6727 6588 6450 6434 6540 6524 6508 6492
6476 6460 6567 6551 6659 6643 6752 6736 6846 6830 6941 6925 7037 7021 7134 7118 7102 7216 7200 7315 7168 6905 6769 6634 6625 6616 6727 6718 6709 6700 6812 6925 7039 7030 7145 7260 7249 7363 7477 7463 7577 7692 7678 7794 7780 7897 8014 7998 7981 8096 8078 8060 8042 8158 8275 8256 8372 8488 8466 8581
8558 8674 8791 8768 8886 9005 8982 9102 9223 9345 9322 9299 9276 9253 9230 9353 9477 9454 9579 9556 9682 9809 9785 9911 9885 10011 10138 10112 9933 9907 9729 9855 9982 9956 10084 10213 10343 10317 10448 10580 10554 10687 10821 10956 10930 11066 11203 11340 11312 11448 11419 11390 11361 11332 11303 11440 11578 11549 11520 11491
11462 11433 11572 11712 11683 11824 11966 11937 12080 12051 12195 12166 12311 12457 12428 12228 12033 11839 11656 11474 11293 11273 11093 11073 11213 11354 11334 11476 11456 11599 11743 11722 11865 12008 11984 12127 12271 12247 12392 12538 12514 12661 12637 12785 12761 12737 12886 12862 13012 12988 12964 12940 12916 12892 13043 13019 13171 13147 13300 13276
13430 13406 13382 13537 13693 13669 13645 13621 13778 13754 13730 13888 13864 14023 14183 14159 14320 14482 14458 14621 14785 14760 14923 15086 15058 15220 15382 15544 15512 15673 15640 15607 15769 15736 15899 15866 16030 16195 16361 16528 16495 16662 16829 16996 16959 17125 17291 17251 17416 17581 17747 17705 17872 18040 18209 18379 18337 18508 18680 18638
18596 18769 18727 18901 18859 18817 18992 18950 19126 19084 19042 19000 18958 19135 19098 19276 19239 19418 19381 19344 19524 19487 19450 19417 19384 19351 19318 19499 19466 19438 19620 19592 19775 19747 19719 19903 19875 20060 20246 20218 20405 20377 20565 20754 20726 20916 20888 21079 21051 21243 20776 20747 20717 20686 20654 20841 20809 20777 20526 20494
20681 20652 20840 21029 20999 21188 21158 21348 21539 21509 21701 21671 21864 21834 22028 21998 21968 22163 22133 22103 22299 22269 21788 21758 21953 21923 22119 22089 22059 22256 22226 22424 22394 22136 22109 22307 22280 22253 22226 22199 22398 22371 22344 22544 22517 22718 22691 22664 22866 23069 23042 23246 23451 23424 23630 23836 23807 24012 23981 24185
24153 24358 24564 24771 24979 24947 25156 25366 25334 25545 25757 25725 25938 26152 26367 26335 26551 26519 26736 26954 26922 26890 27109 27077 27297 27265 27233 27454 27422 27644 27612 27580 27548 27516 27230 26945 26913 27134 27102 27070 27038 27006 26974 26942 27164 27136 27359 27331 27555 27527 27752 27724 27950 27922 28149 28377 28606 28578 28808 29039
